7.280909090909092356e+02 6.597727272727272521e+02
7.870000000000001137e+02 6.573181818181817562e+02
6.421818181818182438e+02 3.308636363636363740e+02
6.421818181818182438e+02 3.897727272727272521e+02
6.446363636363637397e+02 4.658636363636363740e+02
6.446363636363637397e+02 5.247727272727272521e+02
6.740909090909092356e+02 5.272272727272727479e+02
6.740909090909092356e+02 3.922272727272727479e+02
7.207272727272728616e+02 6.794090909090908781e+02
7.182727272727273657e+02 7.358636363636363740e+02
