2.838181818181818699e+02 6.646818181818182438e+02
3.402727272727272521e+02 6.548636363636363740e+02
1.979090909090909065e+02 3.357727272727272521e+02
1.979090909090909065e+02 3.971363636363636260e+02
1.954545454545454675e+02 4.781363636363636260e+02
1.954545454545454675e+02 5.419545454545454959e+02
2.298181818181818414e+02 5.395000000000000000e+02
2.322727272727272805e+02 3.971363636363636260e+02
2.740000000000000000e+02 6.916818181818182438e+02
2.715454545454545041e+02 7.432272727272727479e+02
