2.101818181818182154e+02 1.615000000000000000e+02
4.040909090909091219e+02 5.738636363636363740e+02
4.654545454545454959e+02 6.376818181818182438e+02
4.973636363636363740e+02 2.670454545454545041e+02
6.078181818181818699e+02 2.768636363636363740e+02
1.561818181818182154e+02 2.817727272727272521e+02
1.635454545454545894e+02 5.591363636363636260e+02
5.268181818181818699e+02 3.235000000000000000e+02
5.390909090909091219e+02 2.400454545454545041e+02
5.734545454545454959e+02 3.701363636363636260e+02
5.930909090909091219e+02 5.125000000000000000e+02
5.930909090909091219e+02 5.321363636363636260e+02
5.955454545454546178e+02 5.591363636363636260e+02
6.397272727272728616e+02 3.357727272727272521e+02
1.979090909090909065e+02 6.720454545454545041e+02
5.587272727272727479e+02 2.842272727272727479e+02
