5.170000000000001137e+02 1.737727272727272521e+02
7.060000000000001137e+02 5.714090909090908781e+02
7.771818181818183575e+02 6.425909090909091219e+02
8.041818181818183575e+02 2.474090909090908781e+02
9.465454545454546178e+02 2.498636363636363740e+02
4.703636363636363740e+02 2.842272727272727479e+02
4.826363636363637397e+02 5.395000000000000000e+02
8.434545454545456096e+02 3.063181818181817562e+02
8.581818181818183575e+02 2.155000000000000000e+02
9.048181818181818699e+02 3.603181818181818130e+02
9.244545454545456096e+02 5.174090909090908781e+02
9.269090909090911055e+02 5.468636363636363740e+02
9.269090909090911055e+02 5.714090909090908781e+02
9.858181818181818699e+02 3.185909090909091219e+02
5.145454545454546178e+02 6.499545454545454959e+02
8.827272727272728616e+02 2.621363636363636260e+02
