6.912727272727273657e+02 2.425000000000000000e+02
6.937272727272728616e+02 2.621363636363636260e+02
7.894545454545456096e+02 2.768636363636363740e+02
8.581818181818183575e+02 2.645909090909091219e+02
7.894545454545456096e+02 3.308636363636363740e+02
8.532727272727273657e+02 3.235000000000000000e+02
7.894545454545456096e+02 3.701363636363636260e+02
8.557272727272728616e+02 3.725909090909090651e+02
7.919090909090911055e+02 4.241363636363636260e+02
8.581818181818183575e+02 4.265909090909090651e+02
7.919090909090911055e+02 4.634090909090908781e+02
8.606363636363638534e+02 4.732272727272727479e+02
5.268181818181818699e+02 3.259545454545454959e+02
5.390909090909091219e+02 2.400454545454545041e+02
6.421818181818182438e+02 3.382272727272727479e+02
5.759090909090909918e+02 3.725909090909090651e+02
9.539090909090911055e+02 4.904090909090908781e+02
7.182727272727273657e+02 4.192272727272727479e+02
7.158181818181818699e+02 3.382272727272727479e+02
