3.132727272727272521e+02 2.498636363636363740e+02
3.108181818181818699e+02 2.695000000000000000e+02
4.016363636363636260e+02 2.866818181818181301e+02
4.605454545454546178e+02 2.793181818181817562e+02
4.016363636363636260e+02 3.382272727272727479e+02
4.605454545454546178e+02 3.382272727272727479e+02
4.016363636363636260e+02 3.799545454545454390e+02
4.580909090909091219e+02 3.824090909090908781e+02
4.016363636363636260e+02 4.290454545454545610e+02
4.605454545454546178e+02 4.339545454545454390e+02
4.016363636363636260e+02 4.683181818181818130e+02
4.580909090909091219e+02 4.756818181818181870e+02
1.291818181818182154e+02 3.210454545454545041e+02
1.414545454545454675e+02 2.302272727272727479e+02
2.568181818181818699e+02 3.455909090909091219e+02
1.831818181818182154e+02 3.750454545454545610e+02
5.366363636363637397e+02 4.855000000000000000e+02
3.329090909090908781e+02 4.265909090909090651e+02
3.329090909090908781e+02 3.480454545454545041e+02
