2.838181818181818699e+02 2.130454545454545041e+02
1.979090909090909065e+02 2.965000000000000000e+02
3.795454545454546178e+02 2.645909090909091219e+02
2.200000000000000284e+02 3.357727272727272521e+02
4.090000000000000000e+02 3.578636363636363740e+02
4.409090909090909918e+02 4.265909090909090651e+02
4.433636363636363740e+02 3.578636363636363740e+02
4.065454545454546178e+02 4.265909090909090651e+02
2.568181818181818699e+02 3.627727272727272521e+02
2.568181818181818699e+02 3.946818181818181870e+02
2.543636363636364024e+02 4.315000000000000000e+02
2.568181818181818699e+02 4.634090909090908781e+02
2.543636363636364024e+02 3.333181818181817562e+02
