7.182727272727273657e+02 2.081363636363636260e+02
6.372727272727273657e+02 2.965000000000000000e+02
8.262727272727273657e+02 2.474090909090908781e+02
6.593636363636364877e+02 3.308636363636363740e+02
8.581818181818183575e+02 3.480454545454545041e+02
9.023636363636366013e+02 4.216818181818181870e+02
9.023636363636366013e+02 3.505000000000000000e+02
8.581818181818183575e+02 4.241363636363636260e+02
6.937272727272728616e+02 3.554090909090908781e+02
6.937272727272728616e+02 3.897727272727272521e+02
6.937272727272728616e+02 4.216818181818181870e+02
6.961818181818182438e+02 4.535909090909090651e+02
6.961818181818182438e+02 3.259545454545454959e+02
