6.397272727272728616e+02 3.112272727272727479e+02
6.421818181818182438e+02 2.621363636363636260e+02
9.048181818181818699e+02 2.277727272727272521e+02
8.213636363636363740e+02 2.032272727272727479e+02
7.280909090909092356e+02 2.105909090909091219e+02
7.894545454545456096e+02 3.357727272727272521e+02
8.950000000000001137e+02 3.259545454545454959e+02
9.735454545454546178e+02 3.210454545454545041e+02
5.759090909090909918e+02 2.891363636363636260e+02
9.244545454545456096e+02 3.799545454545454390e+02
9.858181818181818699e+02 3.480454545454545041e+02
9.710909090909093493e+02 3.897727272727272521e+02
6.642727272727273657e+02 3.431363636363636260e+02
7.035454545454546178e+02 3.406818181818181301e+02
6.912727272727273657e+02 2.621363636363636260e+02
5.980000000000001137e+02 5.149545454545454959e+02
6.004545454545454959e+02 6.965909090909091219e+02
6.839090909090909918e+02 4.879545454545454390e+02
6.888181818181818699e+02 6.205000000000000000e+02
