2.592727272727272521e+02 3.185909090909091219e+02
2.666363636363636260e+02 2.670454545454545041e+02
5.022727272727273657e+02 2.572272727272727479e+02
4.335454545454546178e+02 2.253181818181817562e+02
3.525454545454546178e+02 2.253181818181817562e+02
4.040909090909091219e+02 3.455909090909091219e+02
4.924545454545454959e+02 3.455909090909091219e+02
5.562727272727273657e+02 3.431363636363636260e+02
1.905454545454545894e+02 2.940454545454545041e+02
5.194545454545454959e+02 3.897727272727272521e+02
5.660909090909091219e+02 3.652272727272726911e+02
5.489090909090909918e+02 3.971363636363636260e+02
2.838181818181818699e+02 3.505000000000000000e+02
3.255454545454546178e+02 3.505000000000000000e+02
3.132727272727272521e+02 2.719545454545454959e+02
2.101818181818182154e+02 5.321363636363636260e+02
2.077272727272727764e+02 7.211363636363636260e+02
3.010000000000000000e+02 4.953181818181818130e+02
3.010000000000000000e+02 6.303181818181817562e+02
