1.242727272727272805e+02 2.695000000000000000e+02
1.242727272727272805e+02 3.161363636363636260e+02
2.568181818181818699e+02 3.235000000000000000e+02
2.543636363636364024e+02 2.768636363636363740e+02
3.206363636363636260e+02 2.965000000000000000e+02
3.869090909090909918e+02 2.695000000000000000e+02
4.458181818181818699e+02 2.449545454545454959e+02
3.844545454545454959e+02 5.125000000000000000e+02
4.507272727272727479e+02 5.296818181818182438e+02
1.807272727272727764e+02 1.664090909090908781e+02
1.930000000000000284e+02 2.032272727272727479e+02
2.666363636363636260e+02 1.615000000000000000e+02
3.157272727272727479e+02 1.835909090909091219e+02
4.237272727272727479e+02 3.897727272727272521e+02
2.740000000000000000e+02 4.928636363636363740e+02
4.818181818181815856e+01 3.701363636363636260e+02
6.290909090909090651e+01 3.455909090909091219e+02
1.021818181818181586e+02 3.971363636363636260e+02
6.454545454545467464e+00 4.585000000000000000e+02
