6.200909090909091219e+02 2.670454545454545041e+02
6.200909090909091219e+02 3.161363636363636260e+02
7.379090909090909918e+02 3.087727272727272521e+02
7.379090909090909918e+02 2.670454545454545041e+02
8.066363636363638534e+02 2.768636363636363740e+02
8.753636363636366013e+02 2.425000000000000000e+02
9.563636363636366013e+02 2.007727272727272521e+02
8.876363636363638534e+02 5.125000000000000000e+02
9.710909090909093493e+02 5.296818181818182438e+02
6.618181818181818699e+02 1.713181818181817562e+02
6.740909090909092356e+02 1.983181818181817562e+02
7.501818181818182438e+02 1.443181818181817562e+02
7.992727272727273657e+02 1.664090909090908781e+02
9.318181818181818699e+02 3.701363636363636260e+02
7.600000000000001137e+02 4.830454545454545610e+02
5.611818181818182438e+02 3.652272727272726911e+02
5.685454545454546178e+02 3.382272727272727479e+02
6.078181818181818699e+02 3.873181818181818130e+02
5.317272727272727479e+02 4.413181818181818130e+02
