9.146363636363638534e+02 4.859090909090912191e+01
8.115454545454546178e+02 9.031818181818175617e+01
6.299090909090909918e+02 1.664090909090908781e+02
5.783636363636364877e+02 1.885000000000000000e+02
6.299090909090909918e+02 2.326818181818181301e+02
6.299090909090909918e+02 2.989545454545454959e+02
6.348181818181818699e+02 3.603181818181818130e+02
6.372727272727273657e+02 4.241363636363636260e+02
6.372727272727273657e+02 4.879545454545454390e+02
6.397272727272728616e+02 5.591363636363636260e+02
9.195454545454546178e+02 1.394090909090908781e+02
9.244545454545456096e+02 2.351363636363636260e+02
9.293636363636366013e+02 3.284090909090908781e+02
9.318181818181818699e+02 4.192272727272727479e+02
9.391818181818183575e+02 5.198636363636363740e+02
