4.335454545454546178e+02 9.768181818181813014e+01
3.427272727272727479e+02 1.173181818181817562e+02
1.586363636363636545e+02 1.590454545454545041e+02
9.481818181818184144e+01 1.713181818181817562e+02
1.561818181818182154e+02 2.277727272727272521e+02
1.561818181818182154e+02 2.989545454545454959e+02
1.561818181818182154e+02 3.701363636363636260e+02
1.586363636363636545e+02 4.339545454545454390e+02
1.586363636363636545e+02 5.051363636363636260e+02
1.610909090909090935e+02 5.812272727272727479e+02
4.335454545454546178e+02 1.835909090909091219e+02
4.310909090909091219e+02 2.645909090909091219e+02
4.360000000000000000e+02 3.480454545454545041e+02
4.384545454545454959e+02 4.315000000000000000e+02
4.433636363636363740e+02 5.125000000000000000e+02
