5.309090909090909349e+01 7.313636363636362603e+01
3.550000000000000000e+02 6.086363636363637397e+01
5.554545454545453254e+01 1.664090909090908781e+02
5.063636363636365445e+01 2.596818181818181301e+02
5.554545454545453254e+01 3.529545454545454390e+02
5.554545454545453254e+01 4.437727272727272521e+02
6.290909090909090651e+01 5.419545454545454959e+02
3.623636363636363740e+02 1.516818181818181301e+02
3.672727272727272521e+02 2.449545454545454959e+02
3.697272727272727479e+02 3.357727272727272521e+02
3.746363636363636260e+02 4.339545454545454390e+02
3.746363636363636260e+02 5.272272727272727479e+02
3.770909090909091219e+02 6.303181818181817562e+02
5.219090909090909918e+02 1.467727272727272521e+02
5.268181818181818699e+02 2.375909090909091219e+02
5.317272727272727479e+02 3.308636363636363740e+02
5.341818181818182438e+02 4.265909090909090651e+02
5.390909090909091219e+02 5.223181818181817562e+02
5.390909090909091219e+02 6.155909090909091219e+02
5.799999999999997158e+01 6.401363636363636260e+02
