4.310909090909091219e+02 1.025909090909091219e+02
7.035454545454546178e+02 4.122727272727274794e+01
4.335454545454546178e+02 1.811363636363636260e+02
4.360000000000000000e+02 2.645909090909091219e+02
4.360000000000000000e+02 3.455909090909091219e+02
4.384545454545454959e+02 4.315000000000000000e+02
4.458181818181818699e+02 5.051363636363636260e+02
7.060000000000001137e+02 1.320454545454545041e+02
7.133636363636364877e+02 2.302272727272727479e+02
7.158181818181818699e+02 3.235000000000000000e+02
7.231818181818182438e+02 4.241363636363636260e+02
7.256363636363637397e+02 5.174090909090908781e+02
7.305454545454546178e+02 6.229545454545454959e+02
8.876363636363638534e+02 1.001363636363636260e+02
8.950000000000001137e+02 2.032272727272727479e+02
8.999090909090911055e+02 3.112272727272727479e+02
9.072727272727273657e+02 4.118636363636363740e+02
9.146363636363638534e+02 5.198636363636363740e+02
9.220000000000001137e+02 6.327727272727272521e+02
4.433636363636363740e+02 5.959545454545454959e+02
