3.599090909090909918e+02 6.331818181818175617e+01
3.623636363636363740e+02 1.516818181818181301e+02
3.648181818181818699e+02 2.474090909090908781e+02
3.697272727272727479e+02 3.431363636363636260e+02
3.697272727272727479e+02 4.315000000000000000e+02
3.795454545454546178e+02 5.296818181818182438e+02
3.795454545454546178e+02 6.229545454545454959e+02
5.194545454545454959e+02 5.595454545454549589e+01
5.243636363636363740e+02 1.467727272727272521e+02
5.292727272727273657e+02 2.326818181818181301e+02
5.341818181818182438e+02 3.333181818181817562e+02
5.341818181818182438e+02 4.265909090909090651e+02
5.390909090909091219e+02 5.198636363636363740e+02
5.415454545454546178e+02 6.155909090909091219e+02
6.225454545454546178e+02 1.762272727272727479e+02
6.274545454545454959e+02 3.014090909090908781e+02
6.348181818181818699e+02 4.241363636363636260e+02
7.280909090909092356e+02 1.688636363636363740e+02
7.354545454545456096e+02 2.940454545454545041e+02
7.428181818181818699e+02 4.167727272727272521e+02
8.360909090909091219e+02 1.664090909090908781e+02
8.532727272727273657e+02 4.143181818181818130e+02
9.416363636363638534e+02 1.615000000000000000e+02
9.612727272727273657e+02 4.118636363636363740e+02
