2.854545454545453254e+01 1.422727272727274794e+01
2.854545454545453254e+01 1.222272727272727479e+02
3.099999999999997158e+01 2.277727272727272521e+02
3.590909090909090651e+01 3.406818181818181301e+02
4.081818181818178459e+01 4.437727272727272521e+02
4.572727272727271952e+01 5.493181818181817562e+02
4.818181818181815856e+01 6.622272727272727479e+02
2.224545454545454675e+02 3.877272727272725206e+01
2.322727272727272805e+02 1.345000000000000000e+02
2.298181818181818414e+02 2.253181818181817562e+02
2.347272727272727764e+02 3.308636363636363740e+02
2.445454545454545894e+02 4.265909090909090651e+02
2.445454545454545894e+02 5.247727272727272521e+02
2.445454545454545894e+02 6.327727272727272521e+02
3.329090909090908781e+02 1.762272727272727479e+02
3.378181818181818699e+02 2.989545454545454959e+02
3.451818181818182438e+02 4.290454545454545610e+02
4.360000000000000000e+02 1.811363636363636260e+02
4.433636363636363740e+02 3.014090909090908781e+02
4.507272727272727479e+02 4.216818181818181870e+02
5.292727272727273657e+02 1.835909090909091219e+02
5.440000000000001137e+02 4.094090909090908781e+02
6.176363636363637397e+02 1.934090909090908781e+02
6.299090909090909918e+02 4.094090909090908781e+02
