6.454545454545467464e+00 1.664090909090908781e+02
1.381818181818178459e+01 2.989545454545454959e+02
1.627272727272728048e+01 4.388636363636363740e+02
1.169090909090909065e+02 1.909545454545454959e+02
1.218181818181818414e+02 3.112272727272727479e+02
1.267272727272727195e+02 4.265909090909090651e+02
2.052727272727272805e+02 2.081363636363636260e+02
2.126363636363636545e+02 3.087727272727272521e+02
2.150909090909090935e+02 4.216818181818181870e+02
2.118181818181815856e+01 5.689545454545454959e+02
1.267272727272727195e+02 5.493181818181817562e+02
2.175454545454545894e+02 5.321363636363636260e+02
3.999999999999971578e+00 1.025909090909091219e+02
2.052727272727272805e+02 1.565909090909091219e+02
6.454545454545467464e+00 3.631818181818175617e+01
2.028181818181818414e+02 1.025909090909091219e+02
3.869090909090909918e+02 1.934090909090908781e+02
2.003636363636364024e+02 2.159090909090912191e+01
