5.292727272727273657e+02 1.885000000000000000e+02
5.366363636363637397e+02 3.014090909090908781e+02
5.415454545454546178e+02 4.094090909090908781e+02
6.151818181818182438e+02 1.934090909090908781e+02
6.225454545454546178e+02 2.989545454545454959e+02
6.274545454545454959e+02 4.094090909090908781e+02
6.961818181818182438e+02 1.934090909090908781e+02
7.035454545454546178e+02 2.989545454545454959e+02
7.109090909090909918e+02 4.069545454545454390e+02
5.513636363636363740e+02 5.272272727272727479e+02
6.397272727272728616e+02 5.198636363636363740e+02
7.182727272727273657e+02 5.100454545454545610e+02
5.268181818181818699e+02 1.295909090909091219e+02
6.912727272727273657e+02 1.443181818181817562e+02
5.243636363636363740e+02 7.559090909090912191e+01
6.863636363636364877e+02 9.522727272727274794e+01
8.900909090909091219e+02 1.418636363636363740e+02
6.863636363636364877e+02 1.668181818181813014e+01
