6.912727272727273657e+02 6.577272727272725206e+01
6.986363636363637397e+02 2.793181818181817562e+02
7.943636363636363740e+02 6.822727272727274794e+01
8.066363636363638534e+02 2.768636363636363740e+02
5.268181818181818699e+02 5.075909090909090651e+02
5.292727272727273657e+02 5.272272727272727479e+02
7.968181818181818699e+02 5.419545454545454959e+02
9.833636363636366013e+02 2.523181818181817562e+02
5.906363636363637397e+02 4.855000000000000000e+02
7.919090909090911055e+02 4.265909090909090651e+02
7.452727272727273657e+02 3.578636363636363740e+02
7.894545454545456096e+02 3.529545454545454390e+02
5.881818181818182438e+02 4.315000000000000000e+02
5.243636363636363740e+02 4.413181818181818130e+02
6.520000000000001137e+02 5.345909090909090082e+02
