2.200000000000000284e+02 6.086363636363637397e+01
2.273636363636364024e+02 2.817727272727272521e+02
3.181818181818182438e+02 8.786363636363637397e+01
3.280000000000000000e+02 2.891363636363636260e+02
8.909090909090906507e+00 5.321363636363636260e+02
1.381818181818178459e+01 5.542272727272727479e+02
3.132727272727272521e+02 5.444090909090908781e+02
4.728181818181818699e+02 2.842272727272727479e+02
9.481818181818184144e+01 5.026818181818181870e+02
3.108181818181818699e+02 4.315000000000000000e+02
2.666363636363636260e+02 3.627727272727272521e+02
3.132727272727272521e+02 3.627727272727272521e+02
9.236363636363634555e+01 4.388636363636363740e+02
6.454545454545467464e+00 4.511363636363636260e+02
1.660000000000000284e+02 5.444090909090908781e+02
